0.000000000000000000e+00 4.790000000000000000e+02 9.579999999999999627e-02
1.000000000000000000e+00 5.630000000000000000e+02 1.126000000000000056e-01
2.000000000000000000e+00 4.880000000000000000e+02 9.760000000000000620e-02
3.000000000000000000e+00 4.930000000000000000e+02 9.859999999999999321e-02
4.000000000000000000e+00 5.350000000000000000e+02 1.069999999999999979e-01
5.000000000000000000e+00 4.340000000000000000e+02 8.680000000000000215e-02
6.000000000000000000e+00 5.010000000000000000e+02 1.001999999999999974e-01
7.000000000000000000e+00 5.500000000000000000e+02 1.100000000000000006e-01
8.000000000000000000e+00 4.620000000000000000e+02 9.239999999999999603e-02
9.000000000000000000e+00 4.950000000000000000e+02 9.900000000000000466e-02
